structure(list(`2016` = structure(c(0.285859528, -0.384072144, 
0.478374196, 0.515682395, -0.387354435, 0.500317705, 0.519988635, 
0.903964184, 0.610048626, 0.136037963, 0.134746694, 0.60958691, 
0.611154303, 0.537625204, 0.383106507, 0.255585457, -0.052714048, 
-0.230151307, 0.266518274, 0.563242643, -0.954853793, 0.254634369, 
0.147742936, 0.813768451, 0.594677734, 0.293390369, 0.013349888, 
0.332578117, 0.344838205, 0.306173348, 0.200754516, 0.113035154, 
-3.429862088, 1.815963622, 2.686823849, 2.020873192, -1.200945321, 
-1.244224043, 2.747359396, 3.59249944, 2.477671082, 2.977752506, 
0.3120073, 1.828245998, 2.168560561, 1.983593317, 1.497974057, 
1.196071701, 0.368697332, -0.312505407, 0.739435707, 0.813481172, 
1.252925247, 1.135715205, 1.409538566, 0.991211039, 1.150209287, 
1.485346815, 0.693540526, 1.322338858, 1.455923625, 1.505799848, 
1.25121135, 1.020064018, -0.437643263, 0.588007765, 0.28610478, 
1.250734504, 1.746566612, -0.061128098, 1.6002317, 0.860075925, 
0.522820593, 3.122417673, 1.109521002, 1.316127735, 1.402065831, 
1.478649777, 1.251208876, 1.0257372, 0.78319256, 0.213270111, 
0.517078975, 0.050434013, 0.384128309, 0.038260119, 0.372977566, 
0.098683521, -0.430978944, 0.965328364, 0.617631044, 0.407743626, 
0.451764311, 0.511986315, 0.574904155, 0.594257901, 0.051794222, 
0.477113593, 0.635898253, 0.685150531, 0.659396595, 0.369673893, 
0.140821785, -0.124615872, 0.298172621, 0.171411711, 0.384096158, 
0.662825363, 0.656071993, 0.56402512, 0.55205555, 0.596324337
), .Dim = c(16L, 7L), .Dimnames = list(NULL, c("YBMAN___", "C__AN___", 
"I__AN___", "BGDAN___", "MGDAN___", "CPIPI___", "LL_PI___")), .Tsp = c(2013, 
2016.75, 4), class = c("regts", "mts", "ts", "matrix"), ts_labels = structure(c("bbp", 
"particuliere consumptie", "investeringen", "uitvoer goederen en diensten", 
"invoer goederen en diensten", "cpi", "loonvoet"), .Names = c("YBMAN___", 
"C__AN___", "I__AN___", "BGDAN___", "MGDAN___", "CPIPI___", "LL_PI___"
))), `2017` = structure(c(-0.193732451, 0.55783063, 0.448270023, 
1.048990937, 0.517981383, 0.14800534, 0.229768152, 0.163012277, 
0.456404333, 0.433937718, 0.324441205, 0.312116515, 0.234191897, 
0.163463094, 0.096648191, 0.045788576, -0.853070692, 0.296998539, 
0.126812771, 1.036989081, 0.471510958, 0.346134749, 0.176569861, 
0.038469906, 0.468677796, 0.35946838, 0.234341168, 0.199107256, 
0.128685065, 0.081554637, 0.033647027, -0.008409624, -1.846051861, 
-1.30288909, 3.053245914, 2.891394727, 3.239270945, 2.557302928, 
0.342117819, 2.834863564, 0.813144834, 1.806972793, 1.526734031, 
1.425393848, 1.105270093, 0.937141282, 0.768443263, 0.608406995, 
1.509129978, 0.987027595, 1.401979114, 1.170701535, 1.459878705, 
1.375902727, 0.650929057, 0.773239218, 1.117051095, 1.324851305, 
1.361265922, 1.387027433, 1.224282978, 1.083455043, 0.974030516, 
0.926196916, 1.522140886, 0.131957137, 1.83896, 0.962480932, 
1.229581985, 2.631173015, 0.909035337, 1.072479871, 0.775011952, 
1.24748694, 1.31234739, 1.351005898, 1.153730023, 1.004926527, 
0.88471806, 0.825774998, 0.424463821, 0.020178554, 0.379182583, 
0.081086877, -0.159564857, 0.478850862, 0.289580733, -5.77e-05, 
-0.281712689, 0.182021707, 0.236945158, 0.292865198, 0.325440552, 
0.339963402, 0.346141154, 0.346827686, 1.376675007, 0.226709787, 
1.134054235, 0.299824092, -0.615359196, -0.217690494, 1.925186395, 
0.337827344, 0.43487405, 0.585971917, 0.528118541, 0.550782909, 
0.551802848, 0.552353478, 0.542373812, 0.520571821, 0.721749316, 
1.140073944, 1.619182728, 0.74882868, 1.667237881, -0.072017539, 
0.936007341, 0.807837934, 0.973384606, 0.844225184, 0.917667944, 
0.94248965, 0.839069755, 0.681965636, 0.546219395, 0.466043275
), .Dim = c(16L, 8L), .Dimnames = list(NULL, c("YBMAN___", "C__AN___", 
"I__AN___", "BGDAN___", "MGDAN___", "CPIPI___", "LL_PI___", "MS_HI___"
)), .Tsp = c(2014, 2017.75, 4), class = c("regts", "mts", "ts", 
"matrix"), ts_labels = structure(c("bbp", "particuliere consumptie", 
"investeringen", "uitvoer goederen en diensten", "invoer goederen en diensten", 
"cpi", "loonvoet", NA), .Names = c("YBMAN___", "C__AN___", "I__AN___", 
"BGDAN___", "MGDAN___", "CPIPI___", "LL_PI___", "MS_HI___")))), .Names = c("2016", 
"2017"))
